    月份
分店,1月,2月,3月,4月,5月,6月
成都1分店,12.34,21.23,14.12,21.1,17.2,17.3
成都2分店,15.34,25.23,18.23,31.5,19.32,22.34
成都3分店,15.23,22.26,17.34,28.35,16.52,38.79
成都4分店,16.24,25.26,21.17,27.93,23.27,21.81
成都5分店,13.58,19.47,19.34,27.67,15.59,27.36
北京1分店,17.37,28.47,21.27,28.58,25.27,22.25
北京2分店,19.23,30.36,23.57,30.59,28.38,25.14
北京3分店,18.23,25.26,22.34,31.35,19.52,39.79
北京4分店,18.58,24.47,24.34,31.67,19.59,32.36
北京5分店,17.25,27.47,21.66,34.48,31.22,25.48
北京6分店,19.23,31.36,24.48,31.59,29.38,26.14
上海1分店,17.33,28.47,20.37,25.58,24.27,24.25
上海2分店,20.24,31.48,21.37,33.13,26.37,23.14
上海3分店,19.64,26.69,22.21,34.35,18.58,36.79
上海4分店,19.43,24.49,24.37,33.37,17.96,31.36
上海5分店,16.26,28.58,22.37,31.42,29.77,23.48

    月份
分店,1月,2月,3月
成都1分店,12.34,21.23,14.12
成都2分店,15.34,25.23,18.23
成都3分店,15.23,22.26,17.34
成都4分店,16.24,25.26,21.17
成都5分店,13.58,19.47,19.34
北京1分店,17.37,28.47,21.27
北京2分店,19.23,30.36,23.57
北京3分店,18.23,25.26,22.34
北京4分店,18.58,24.47,24.34
北京5分店,17.25,27.47,21.66
北京6分店,19.23,31.36,24.48
上海1分店,17.33,28.47,20.37
上海2分店,20.24,31.48,21.37
上海3分店,19.64,26.69,22.21
上海4分店,19.43,24.49,24.37
上海5分店,16.26,28.58,22.37

